a <- 5
b <- 3
a+b
a*b
56677*888888909
